data/map/mapImage.png data/map/region_map.png Nazwa*mapy
29 
0 Równina 0 0 18 11 2737 2290 2863 2369 4881 8 1 
1 Równina 18 0 36 15 2670 2017 2796 2123 7679 14 3 
2 Równina 36 0 51 11 2670 2250 2776 2329 1060 13 3 
3 Równina 51 0 72 21 2683 2077 2829 2223 4865 4 3 
4 Równina 72 0 111 27 2717 2137 2983 2323 6531 12 3 
5 Równina 111 0 135 27 2550 2130 2716 2316 5945 7 3 
6 Równina 135 0 172 20 2790 2070 3043 2209 1638 13 3 
7 Równina 172 0 203 23 2917 2177 3129 2336 5995 4 3 
8 Równina 203 0 237 22 2850 2297 3083 2449 4219 3 2 
9 Równina 237 0 278 31 2297 2057 2576 2269 7201 8 3 
10 Równina 278 0 333 37 2397 2257 2769 2509 5840 0 3 
11 Równina 333 0 367 29 2470 1943 2703 2143 4090 3 3 
12 Równina 367 0 397 41 3023 2217 3229 2496 9436 9 2 
13 Równina 397 0 452 51 2963 1983 3336 2329 4271 7 3 
14 Równina 452 0 496 30 2750 1883 3049 2089 5361 14 0 
15 Równina 496 0 538 40 2163 2243 2449 2516 5595 7 1 
16 Równina 538 0 610 50 2817 1643 3303 1983 5798 6 0 
17 Równina 610 0 667 53 3177 2237 3563 2596 2914 14 4 
18 Równina 667 0 735 54 3083 1763 3543 2129 4733 9 4 
19 Równina 735 0 791 36 3310 2043 3689 2289 9962 11 4 
20 Równina 791 0 864 45 3463 1817 3956 2123 1208 2 5 
21 Równina 864 0 933 48 3590 2057 4056 2383 2906 2 5 
22 Równina 933 0 1002 36 3457 2243 3923 2489 6872 5 5 
23 Równina 1002 0 1063 33 3483 2390 3896 2616 2352 11 5 
24 Równina 1063 0 1099 45 3843 2343 4089 2649 7256 5 3 
25 Równina 1099 0 1130 25 3930 2623 4143 2796 9726 14 4 
26 Równina 1130 0 1156 42 4030 2530 4209 2816 8278 6 0 
27 Równina 1156 0 1187 43 4130 2537 4343 2829 5799 5 4 
28 Równina 1187 0 1237 51 3763 2710 4103 3056 6348 14 2 
40 
-1 
1 1 0 2724 2032 Miasto 26 3 1 750 750 750 750 0 0 0 
2 2 0 2714 2251 Miasto 30 1 1 750 750 750 750 0 0 0 
3 3 1 2747 2112 Miasto 102 3 1 750 750 750 750 0 0 0 
4 4 1 2841 2192 Miasto 72 1 1 750 750 750 750 0 0 0 
5 5 0 2624 2185 Miasto 14 1 1 750 750 750 750 0 0 0 
6 6 1 2907 2101 Miasto 97 0 1 750 750 750 750 0 0 0 
7 7 0 3014 2218 Miasto 17 0 1 750 750 750 750 0 0 0 
8 8 2 2957 2335 Miasto 105 1 1 750 750 750 750 0 0 0 
9 9 0 2427 2125 Miasto 70 0 1 750 750 750 750 0 0 0 
10 10 1 2574 2345 Miasto 104 0 1 750 750 750 750 0 0 0 
-1 
12 12 0 3117 2318 Miasto 87 1 1 750 750 750 750 0 0 0 
13 13 1 3140 2118 Miasto 48 0 1 750 750 750 750 0 0 0 
14 14 1 2890 1948 Miasto 31 3 1 750 750 750 750 0 0 0 
15 15 0 2297 2341 Miasto 13 0 1 750 750 750 750 0 0 0 
16 16 1 3051 1775 Miasto 26 0 1 750 750 750 750 0 0 0 
17 17 0 3361 2378 Miasto 79 2 1 750 750 750 750 0 0 0 
18 18 1 3304 1908 Miasto 56 0 1 750 750 750 750 0 0 0 
19 19 0 3490 2128 Miasto 47 0 1 750 750 750 750 0 0 0 
20 20 0 3700 1932 Miasto 13 0 1 750 750 750 750 0 0 0 
21 21 1 3814 2182 Miasto 83 4 1 750 750 750 750 0 0 0 
22 22 1 3681 2328 Miasto 88 0 1 750 750 750 750 0 0 0 
23 23 1 3680 2465 Miasto 37 2 1 750 750 750 750 0 0 0 
24 24 1 3957 2458 Miasto 103 2 1 750 750 750 750 0 0 0 
-1 
-1 
-1 
28 28 0 3924 2845 Miasto 71 2 1 750 750 750 750 0 0 0 
29 11 0 2642 1968 Isengard 28 3 0 490 1130 490 890 7 0 4 
30 25 1 3946 2684 Miasto 33 2 0 750 750 750 750 0 0 0 
31 27 2 4159 2579 Miasto 81 2 0 750 750 750 750 0 0 0 
32 26 1 4173 2702 Miasto 45 2 0 750 750 750 750 0 0 0 
33 27 0 4234 2704 Miasto 58 4 0 750 750 750 750 2 0 0 
34 0 0 2768 2338 Miasto 102 1 0 750 750 750 750 0 0 0 
35 8 4 2878 2328 Miasto 71 0 0 750 750 750 750 0 0 0 
36 9 1 2426 2198 Miasto 78 0 1 750 750 750 750 0 0 0 
37 13 2 3248 2193 Miasto 38 0 1 750 750 750 750 0 0 0 
38 23 2 3767 2520 Miasto 86 2 1 750 750 750 750 0 0 0 
39 17 4 3444 2478 Miasto 35 0 0 750 750 750 750 0 0 0 
64 
3 1 0 
4 2 0 
4 3 0 
5 2 0 
5 3 0 
6 1 0 
6 3 0 
6 4 0 
7 4 0 
7 6 0 
8 7 0 
10 5 0 
12 7 0 
13 6 0 
13 7 0 
14 1 0 
14 6 0 
14 13 0 
15 9 0 
15 10 0 
16 14 0 
17 12 0 
18 13 0 
18 16 0 
19 17 0 
19 18 0 
20 18 0 
20 19 0 
21 19 0 
21 20 0 
22 17 0 
22 19 0 
22 21 0 
23 22 0 
24 21 0 
24 22 0 
29 1 0 
29 5 0 
29 9 0 
30 24 0 
30 28 0 
32 24 0 
32 30 0 
32 31 0 
33 32 0 
33 31 0 
34 2 0 
34 4 0 
35 4 0 
35 8 0 
36 5 0 
36 9 0 
36 10 0 
37 12 0 
37 13 0 
37 14 0 
37 17 0 
37 19 0 
37 18 0 
38 22 0 
38 23 0 
38 24 0 
39 17 0 
39 23 0 
25 
2646 2115 3 6 13 50 18 150 22 40 23 50 20 100 19 50 
2929 1937 3 1 18 150 
2913 2039 3 2 22 40 20 100 
2517 2085 3 3 19 250 20 50 22 20 
2743 2060 3 2 18 50 19 50 
2772 2135 3 1 19 200 
2638 2202 1 4 7 10 6 50 8 50 11 20 
2857 2207 1 2 11 30 10 40 
2783 2353 1 5 11 60 10 140 7 90 8 50 9 50 
2881 2301 1 1 6 250 
3156 2133 0 2 1 100 0 50 
3502 2140 0 2 0 100 4 40 
3264 2202 0 4 0 100 1 50 2 50 4 20 
2442 2143 0 2 0 150 1 50 
3767 2265 4 2 24 100 26 100 
3899 2332 4 2 25 150 24 100 
3830 2199 4 3 25 200 28 40 29 20 
3782 2535 2 3 16 120 17 30 15 100 
3972 2472 2 1 12 100 
4042 2705 2 5 16 120 17 40 13 100 12 150 15 50 
4188 2717 2 3 16 40 13 200 12 100 
3944 2827 2 2 17 10 16 40 
4248 2718 4 6 25 200 24 100 27 50 28 20 29 20 26 100 
4213 2659 4 2 25 150 28 80 
4175 2600 2 4 14 100 13 150 12 150 16 20 
